data/n_5-euclidean_false*********************************************************************
(2,1) (5,1) (3,2) (4,3) (1,4) (1,5) 
data/n_5-euclidean_true*********************************************************************
(4,1) (5,1) (1,2) (1,3) (3,4) (2,5) 
data/n_6-euclidean_false*********************************************************************
(2,1) (3,1) (5,1) (1,2) (4,3) (1,4) (6,5) (1,6) 
data/n_6-euclidean_true*********************************************************************
(3,1) (5,1) (1,2) (4,3) (1,4) (6,5) (2,6) 
data/n_7-euclidean_false*********************************************************************
(3,1) (4,1) (6,2) (2,3) (7,4) (1,5) (1,6) (5,7) 
data/n_7-euclidean_true*********************************************************************
(2,1) (7,1) (5,2) (6,3) (3,4) (1,5) (1,6) (4,7) 
data/n_8-euclidean_false*********************************************************************
(2,1) (5,1) (8,1) (7,2) (1,3) (6,4) (3,5) (1,6) (1,7) (4,8) 
data/n_8-euclidean_true*********************************************************************
(2,1) (3,1) (7,1) (5,2) (1,3) (6,4) (1,5) (8,6) (4,7) (1,8) 
data/n_9-euclidean_false*********************************************************************
(2,1) (6,1) (9,1) (4,2) (7,3) (1,4) (1,5) (3,6) (1,7) (5,8) (8,9) 
nb instances résolues : 9
