data/instance_n5.txt*********************************************************************
(2,1) (3,1) (1,2) (5,3) (1,4) (4,5) 
data/n_10-euclidean_false*********************************************************************
(3,1) (5,1) (9,1) (1,2) (8,3) (10,4) (7,5) (1,6) (6,7) (2,8) (4,9) (1,10) 
data/n_10-euclidean_true*********************************************************************
(2,1) (3,1) (10,1) (6,2) (4,3) (8,4) (7,5) (5,6) (1,7) (1,8) (1,9) (9,10) 
data/n_11-euclidean_false*********************************************************************
(7,1) (9,1) (11,1) (4,2) (1,3) (1,4) (1,5) (3,6) (2,7) (6,8) (8,9) (5,10) (10,11) 
data/n_11-euclidean_true*********************************************************************
(1,1) (3,1) (4,1) (9,1) (11,1) (1,2) (7,3) (2,4) (1,5) (10,6) (6,7) (5,8) (1,9) (1,10) (8,11) 
data/n_12-euclidean_false*********************************************************************
(6,1) (11,1) (12,1) (1,2) (1,3) (1,4) (10,5) (5,6) (8,7) (9,8) (4,9) (3,10) (2,11) (7,12) 
data/n_13-euclidean_false*********************************************************************
(3,1) (7,1) (12,1) (10,2) (4,3) (8,4) (13,5) (1,6) (5,7) (9,8) (1,9) (1,10) (6,11) (2,12) (11,13) 
data/n_13-euclidean_true*********************************************************************
(1,1) (2,1) (3,1) (12,1) (13,1) (5,2) (11,3) (1,4) (1,5) (1,6) (10,7) (4,8) (6,9) (9,10) (1,11) (8,12) (7,13) 
data/n_15-euclidean_false*********************************************************************
(4,1) (10,1) (11,1) (3,2) (12,3) (7,4) (1,5) (5,6) (8,7) (13,8) (1,9) (2,10) (14,11) (9,12) (6,13) (15,14) (1,15) 
data/n_5-euclidean_false*********************************************************************
(2,1) (5,1) (3,2) (4,3) (1,4) (1,5) 
data/n_5-euclidean_true*********************************************************************
(2,1) (3,1) (5,2) (4,3) (1,4) (1,5) 
data/n_6-euclidean_false*********************************************************************
(2,1) (3,1) (5,1) (1,2) (4,3) (1,4) (6,5) (1,6) 
data/n_6-euclidean_true*********************************************************************
(4,1) (5,1) (1,2) (1,3) (3,4) (6,5) (2,6) 
data/n_7-euclidean_false*********************************************************************
(3,1) (4,1) (6,2) (2,3) (7,4) (1,5) (1,6) (5,7) 
data/n_7-euclidean_true*********************************************************************
(5,1) (7,1) (1,2) (6,3) (3,4) (2,5) (1,6) (4,7) 
data/n_8-euclidean_false*********************************************************************
(2,1) (5,1) (8,1) (7,2) (1,3) (6,4) (3,5) (1,6) (1,7) (4,8) 
data/n_8-euclidean_true*********************************************************************
(2,1) (3,1) (7,1) (5,2) (1,3) (6,4) (1,5) (8,6) (4,7) (1,8) 
data/n_9-euclidean_false*********************************************************************
(2,1) (6,1) (9,1) (4,2) (7,3) (1,4) (1,5) (3,6) (1,7) (5,8) (8,9) 
data/n_9-euclidean_true*********************************************************************
(2,1) (5,1) (7,1) (9,1) (6,2) (1,3) (1,4) (1,5) (8,6) (3,7) (4,8) (1,9) 
nb instances résolues : 19
