data/instance_n5.txt*********************************************************************
(2,1) (4,1) (5,2) (1,3) (1,4) (3,5) 
data/n_10-euclidean_false*********************************************************************
(3,1) (7,1) (9,1) (1,2) (6,3) (10,4) (1,5) (5,6) (8,7) (2,8) (4,9) (1,10) 
data/n_10-euclidean_true*********************************************************************
(2,1) (8,1) (10,1) (6,2) (1,3) (3,4) (7,5) (5,6) (1,7) (4,8) (1,9) (9,10) 
data/n_11-euclidean_false*********************************************************************
(7,1) (9,1) (11,1) (3,2) (1,3) (2,4) (1,5) (1,6) (8,7) (6,8) (4,9) (5,10) (10,11) 
data/n_11-euclidean_true*********************************************************************
(3,1) (4,1) (9,1) (11,1) (1,2) (7,3) (2,4) (1,5) (10,6) (6,7) (5,8) (1,9) (1,10) (8,11) 
data/n_12-euclidean_false*********************************************************************
(5,1) (10,1) (11,1) (1,2) (1,3) (8,4) (2,5) (1,6) (12,7) (9,8) (3,9) (7,10) (4,11) (6,12) 
data/n_12-euclidean_true*********************************************************************
(3,1) (7,1) (9,1) (5,2) (2,3) (10,4) (8,5) (1,6) (4,7) (1,8) (12,9) (11,10) (1,11) (6,12) 
data/n_13-euclidean_false*********************************************************************
(3,1) (7,1) (12,1) (13,2) (8,3) (11,4) (4,5) (1,6) (10,7) (2,8) (1,9) (9,10) (6,11) (5,12) (1,13) 
data/n_13-euclidean_true*********************************************************************
(2,1) (3,1) (4,1) (6,1) (5,2) (11,3) (8,4) (1,5) (9,6) (13,7) (12,8) (10,9) (7,10) (1,11) (1,12) (1,13) 
data/n_14-euclidean_false*********************************************************************
(3,1) (8,1) (13,1) (14,1) (1,2) (7,3) (12,4) (1,5) (11,6) (2,7) (6,8) (10,9) (5,10) (1,11) (1,12) (4,13) (9,14) 
data/n_15-euclidean_false*********************************************************************
(8,1) (10,1) (11,1) (3,2) (12,3) (15,4) (7,5) (5,6) (1,7) (13,8) (1,9) (2,10) (14,11) (9,12) (6,13) (4,14) (1,15) 
data/n_15-euclidean_true*********************************************************************
(2,1) (3,1) (5,1) (12,1) (10,2) (1,3) (14,4) (11,5) (13,6) (15,7) (6,8) (7,9) (4,10) (9,11) (8,12) (1,13) (1,14) (1,15) 
data/n_16-euclidean_false*********************************************************************
(6,1) (11,1) (12,1) (13,1) (14,2) (10,3) (8,4) (1,5) (15,6) (1,7) (1,8) (7,9) (4,10) (9,11) (16,12) (3,13) (1,14) (5,15) (2,16) 
data/n_16-euclidean_true*********************************************************************
(2,1) (3,1) (4,1) (6,1) (10,1) (13,1) (15,2) (7,3) (9,4) (1,5) (5,6) (12,7) (1,8) (11,9) (14,10) (1,11) (1,12) (16,13) (1,14) (8,15) (1,16) 
data/n_17-euclidean_false*********************************************************************
(4,1) (5,1) (10,1) (11,1) (15,1) (1,2) (17,3) (12,4) (3,5) (1,6) (1,7) (1,8) (7,9) (13,10) (14,11) (8,12) (1,13) (16,14) (2,15) (6,16) (9,17) 
data/n_18-euclidean_false*********************************************************************
(3,1) (6,1) (9,1) (10,1) (12,1) (18,1) (15,2) (4,3) (11,4) (1,5) (2,6) (13,7) (14,8) (17,9) (8,10) (1,11) (16,12) (1,13) (1,14) (7,15) (1,16) (1,17) (5,18) 
data/n_18-euclidean_true*********************************************************************
(3,1) (5,1) (7,1) (8,1) (9,1) (15,1) (18,1) (13,2) (4,3) (1,4) (12,5) (1,6) (2,7) (17,8) (11,9) (1,10) (14,11) (6,12) (1,13) (1,14) (1,15) (1,16) (16,17) (10,18) 
data/n_19-euclidean_false*********************************************************************
(2,1) (7,1) (10,1) (18,1) (3,2) (12,3) (5,4) (1,5) (9,6) (8,7) (4,8) (1,9) (15,10) (14,11) (1,12) (11,13) (6,14) (17,15) (1,16) (19,17) (13,18) (16,19) 
data/n_20-euclidean_false*********************************************************************
(5,1) (13,1) (16,1) (19,1) (1,2) (4,3) (8,4) (12,5) (11,6) (6,7) (15,8) (2,9) (1,10) (17,11) (18,12) (7,13) (10,14) (14,15) (3,16) (1,17) (20,18) (9,19) (1,20) 
data/n_35-euclidean_false*********************************************************************
(8,1) (16,1) (28,1) (30,1) (6,2) (19,3) (9,4) (1,5) (33,6) (31,7) (10,8) (5,9) (11,10) (32,11) (15,12) (12,13) (35,14) (23,15) (20,16) (7,17) (21,18) (22,19) (27,20) (25,21) (17,22) (4,23) (1,24) (1,25) (34,26) (26,27) (2,28) (18,29) (13,30) (1,31) (29,32) (3,33) (14,34) (24,35) 
data/n_5-euclidean_false*********************************************************************
(2,1) (4,1) (3,2) (5,3) (1,4) (1,5) 
data/n_5-euclidean_true*********************************************************************
(4,1) (5,1) (1,2) (1,3) (3,4) (2,5) 
data/n_6-euclidean_false*********************************************************************
(3,1) (5,1) (6,1) (1,2) (1,3) (1,4) (2,5) (4,6) 
data/n_6-euclidean_true*********************************************************************
(2,1) (3,1) (5,2) (4,3) (1,4) (6,5) (1,6) 
data/n_7-euclidean_false*********************************************************************
(3,1) (5,1) (6,1) (7,2) (2,3) (1,4) (1,5) (1,6) (4,7) 
data/n_7-euclidean_true*********************************************************************
(3,1) (5,1) (1,2) (6,3) (7,4) (2,5) (4,6) (1,7) 
data/n_8-euclidean_false*********************************************************************
(2,1) (7,1) (8,1) (5,2) (1,3) (1,4) (3,5) (1,6) (6,7) (4,8) 
data/n_8-euclidean_true*********************************************************************
(2,1) (3,1) (7,1) (5,2) (1,3) (6,4) (1,5) (8,6) (4,7) (1,8) 
data/n_9-euclidean_false*********************************************************************
(2,1) (5,1) (6,1) (4,2) (1,3) (1,4) (9,5) (3,6) (1,7) (7,8) (8,9) 
data/n_9-euclidean_true*********************************************************************
(4,1) (5,1) (7,1) (9,1) (1,2) (1,3) (8,4) (1,5) (2,6) (3,7) (6,8) (1,9) 
nb instances résolues : 30
